Start
Shape W14x 
lb/ft 730 665 605 550 500 455
Design
Pn/Ωc φcPn Pn/Ωc φcPn Pn/Ωc φcPn Pn/Ωc φcPn Pn/Ωc φcPn Pn/Ωc φcPn
ASD LRFD ASD LRFD ASD LRFD ASD LRFD ASD LRFD ASD LRFD
0 6440 9670 5870 8820 5330 8010 4850 7290 4400 6610 4010 6030
11 6070 9130 5530 8310 5010 7530 4550 6840 4120 6200 3750 5640
12 6010 9030 5470 8220 4950 7440 4500 6760 4070 6120 3710 5570
13 5940 8920 5400 8110 4890 7350 4440 6670 4020 6040 3660 5500
14 5860 8810 5330 8010 4820 7250 4380 6580 3960 5950 3600 5420
15 5780 8690 5250 7890 4750 7140 4310 6480 3900 5860 3550 5330
16 5690 8560 5170 7770 4680 7030 4240 6380 3840 5770 3490 5240
17 5610 8430 5090 7650 4600 6920 4170 6270 3770 5660 3420 5150
18 5510 8290 5000 7520 4520 6790 4100 6160 3700 5560 3360 5050
19 5420 8140 4910 7380 4440 6670 4020 6040 3630 5450 3290 4950
20 5320 7990 4820 7240 4350 6540 3940 5920 3550 5340 3220 4840
22 5110 7670 4620 6950 4170 6260 3770 5660 3390 5100 3080 4620
24 4890 7340 4420 6640 3980 5980 3590 5400 3230 4860 2920 4400
26 4660 7000 4200 6320 3780 5680 3410 5120 3060 4600 2770 4160
28 4420 6650 3990 5990 3580 5380 3220 4840 2890 4340 2610 3920
30 4180 6290 3760 5660 3370 5070 3030 4560 2720 4080 2450 3680
32 3940 5930 3540 5320 3170 4760 2840 4270 2540 3820 2290 3440
34 3700 5560 3320 4990 2960 4450 2650 3990 2370 3560 2130 3200
36 3460 5200 3100 4650 2760 4140 2460 3700 2200 3300 1970 2960
38 3220 4850 2880 4330 2560 3840 2280 3430 2030 3050 1820 2730
40 2990 4500 2670 4010 2360 3550 2100 3160 1870 2800 1670 2510
42 2770 4160 2460 3690 2170 3270 1930 2900 1710 2570 1520 2290
44 2550 3830 2260 3390 1990 2990 1760 2650 1560 2340 1390 2080
46 2330 3510 2060 3100 1820 2730 1610 2420 1420 2140 1270 1910
48 2140 3220 1900 2850 1670 2510 1480 2220 1310 1960 1160 1750
50 1970 2970 1750 2630 1540 2310 1360 2050 1200 1810 1070 1610
Properties
Pwo, kips 2820 4230 2410 3620 2060 3090 1750 2630 1500 2240 1280 1920
Pwi, kips/in. 102 154 94.3 142 86.7 130 79.3 119 73.0 110 67.3 101
Pwb, kips 44000 66100 34400 51700 26600 40100 20500 30800 15900 23900 12500 18800
Pfb, kips 4510 6780 3820 5750 3240 4870 2730 4100 2290 3450 1930 2900
Lp, ft 16.6 16.3 16.1 15.9 15.6 15.5
Lr, ft 275 253 232 213 196 179
Ag, in.2 215 196 178 162 147 134
Ix, in.4 14300 12400 10800 9430 8210 7190
Iy, in.4 4720 4170 3680 3250 2880 2560
ry, in. 4.69 4.62 4.55 4.49 4.43 4.38
rx /ry 1.74 1.73 1.71 1.70 1.69 1.67
Pex (KL)2/104, k-in.2 409000 355000 309000 270000 235000 206000
Pey (KL)2/104, k-in.2 135000 119000 105000 93000 82400 73300
ASD LRFD
Ωc = 1.67 φc = 0.90
4–12 DESIGN OF COMPRESSION MEMBERS
AMERICAN INSTITUTE OF STEEL CONSTRUCTION
Table 4-1
Available Strength in 
Axial Compression, kips
W-Shapes
W14
Fy = 50 ksi
Effective length, KL (ft), with respect to least radius of gyration, ry
h Flange thickness is greater than 2 in. Special requirements may apply per AISC
Specification Section A3.1c.
Shape W14×
lb/ft 426h 398h 370h 342h 311h 283h
Design
Pn/Ωc φcPn Pn/Ωc φcPn Pn/Ωc φcPn Pn/Ωc φcPn Pn/Ωc φcPn Pn/Ωc φcPn
ASD LRFD ASD LRFD ASD LRFD ASD LRFD ASD LRFD ASD LRFD
0 3740 5620 3500 5260 3260 4900 3020 4540 2740 4110 2490 3750
11 3500 5260 3270 4920 3040 4570 2820 4230 2550 3830 2320 3480
12 3450 5190 3230 4850 3000 4510 2780 4180 2510 3770 2290 3440
13 3410 5120 3180 4780 2960 4450 2740 4120 2470 3720 2250 3380
14 3350 5040 3130 4710 2910 4380 2700 4050 2430 3660 2210 3330
15 3300 4960 3080 4630 2870 4310 2650 3980 2390 3600 2180 3270
16 3240 4870 3030 4550 2810 4230 2600 3910 2350 3530 2140 3210
17 3180 4790 2970 4470 2760 4150 2550 3840 2300 3460 2090 3150
18 3120 4690 2920 4380 2710 4070 2500 3760 2260 3390 2050 3080
19 3060 4600 2850 4290 2650 3980 2450 3680 2210 3320 2000 3010
20 2990 4500 2790 4200 2590 3890 2390 3600 2160 3240 1960 2940
22 2860 4290 2660 4000 2470 3710 2280 3420 2050 3080 1860 2800
24 2710 4080 2530 3800 2340 3520 2160 3240 1940 2920 1760 2640
26 2560 3850 2390 3590 2210 3320 2040 3060 1830 2750 1660 2490
28 2410 3630 2250 3380 2080 3120 1910 2870 1710 2580 1550 2330
30 2260 3400 2100 3160 1940 2920 1790 2680 1600 2400 1450 2170
32 2110 3170 1960 2950 1810 2720 1660 2500 1490 2230 1340 2020
34 1960 2950 1820 2730 1670 2520 1540 2310 1370 2060 1240 1860
36 1810 2730 1680 2530 1540 2320 1420 2130 1260 1900 1140 1710
38 1670 2510 1550 2320 1420 2130 1300 1950 1160 1740 1040 1560
40 1530 2300 1410 2130 1300 1950 1180 1780 1050 1580 945 1420
42 1390 2090 1290 1930 1180 1770 1070 1610 954 1430 857 1290
44 1270 1910 1170 1760 1070 1610 979 1470 869 1310 781 1170
46 1160 1750 1070 1610 980 1470 896 1350 795 1200 715 1070
48 1070 1600 985 1480 900 1350 823 1240 730 1100 656 986
50 983 1480 907 1360 830 1250 758 1140 673 1010 605 909
Properties
Pwo, kips 1140 1710 1010 1520 902 1350 788 1180 672 1010 574 861
Pwi, kips/in. 62.7 94.0 59.0 88.5 55.3 83.0 51.3 77.0 47.0 70.5 43.0 64.5
Pwb, kips 10100 15100 8420 12700 6920 10400 5540 8320 4250 6390 3260 4900
Pfb, kips 1730 2600 1520 2280 1320 1990 1140 1720 956 1440 802 1210
Lp, ft 15.3 15.2 15.1 15.0 14.8 14.7
Lr, ft 168 158 148 138 125 114
Ag, in.2 125 117 109 101 91.4 83.3
Ix, in.4 6600 6000 5440 4900 4330 3840
Iy, in.4 2360 2170 1990 1810 1610 1440
ry, in. 4.34 4.31 4.27 4.24 4.20 4.17
rx /ry 1.67 1.66 1.66 1.65 1.64 1.63
Pex (KL)2/104, k-in.2 189000 172000 156000 140000 124000 110000
Pey (KL)2/104, k-in.2 67500 62100 57000 51800 46100 41200
ASD LRFD
Ωc = 1.67 φc = 0.90
STEEL COMPRESSION—MEMBER SELECTION TABLES 4–13
AMERICAN INSTITUTE OF STEEL CONSTRUCTION
Effective length, KL (ft), with respect to least radius of gyration, ry
Table 4-1 (continued)
Available Strength in
Axial Compression, kips
W-Shapes
h Flange thickness is greater than 2 in. Special requirements may apply per AISC
Specification Section A3.1c.
W14
Fy = 50 ksi
Table 4-1 (continued)
Available Strength in
Axial Compression, kips
W-Shapes
Shape W14×
lb/ft 257 233 211 193 176 159
Design
Pn/Ωc φcPn Pn/Ωc φcPn Pn/Ωc φcPn Pn/Ωc φcPn Pn/Ωc φcPn Pn/Ωc φcPn
ASD LRFD ASD LRFD ASD LRFD ASD LRFD ASD LRFD ASD LRFD
0 2260 3400 2050 3080 1860 2790 1700 2560 1550 2330 1400 2100
6 2210 3330 2010 3010 1810 2730 1660 2500 1510 2280 1370 2050
7 2200 3300 1990 2990 1800 2700 1650 2480 1500 2260 1350 2030
8 2180 3270 1970 2960 1780 2680 1630 2450 1490 2240 1340 2010
9 2150 3240 1950 2930 1760 2650 1610 2430 1470 2210 1330 1990
10 2130 3200 1930 2900 1740 2620 1590 2400 1450 2180 1310 1970
11 2100 3160 1900 2860 1720 2580 1570 2360 1430 2150 1290 1940
12 2070 3110 1870 2820 1690 2550 1550 2330 1410 2120 1270 1910
13 2040 3060 1840 2770 1670 2510 1530 2290 1390 2090 1250 1880
14 2010 3010 1810 2730 1640 2460 1500 2250 1360 2050 1230 1850
15 1970 2960 1780 2680 1610 2420 1470 2210 1340 2010 1210 1810
16 1930 2900 1750 2630 1580 2370 1440 2170 1310 1970 1180 1780
17 1890 2850 1710 2570 1540 2320 1410 2120 1280 1930 1160 1740
18 1850 2790 1670 2520 1510 2270 1380 2080 1260 1890 1130 1700
19 1810 2720 1640 2460 1480 2220 1350 2030 1230 1840 1100 1660
20 1770 2660 1600 2400 1440 2160 1320 1980 1200 1800 1070 1620
22 1680 2520 1510 2280 1360 2050 1250 1870 1130 1700 1020 1530
24 1590 2380 1430 2150 1290 1930 1170 1770 1070 1600 957 1440
26 1490 2240 1340 2020 1210 1820 1100 1660 998 1500 896 1350
28 1400 2100 1260 1890 1130 1700 1030 1550 931 1400 835 1250
30 1300 1950 1170 1750 1050 1570 954 1430 863 1300 773 1160
32 1200 1810 1080 1620 968 1460 881 1320 796 1200 713 1070
34 1110 1670 994 1490 890 1340 810 1220 730 1100 653 982
36 1020 1530 911 1370 815 1220 740 1110 667 1000 596 896
38 928 1400 830 1250 741 1110 673 1010 605 909 540 812
40 841 1260 751 1130 670 1010 608 914 546 821 487 733
Properties
Pwo, kips 490 735 414 621 353 529 303 454 264 396 222 333
Pwi, kips/in. 39.3 59.0 35.7 53.5 32.7 49.0 29.7 44.5 27.7 41.5 24.8 37.3
Pwb, kips 2480 3730 1850 2780 1430 2150 1070 1610 870 1310 628 944
Pfb, kips 668 1000 554 832 455 684 388 583 321 483 265 398
Lp, ft 14.6 14.5 14.4 14.3 14.2 14.1
Lr, ft 104 95.0 86.6 79.4 73.2 66.7
Ag, in.2 75.6 68.5 62.0 56.8 51.8 46.7
Ix, in.4 3400 3010 2660 2400 2140 1900
Iy, in.4 1290 1150 1030 931 838 748
ry, in. 4.13 4.10 4.07 4.05 4.02 4.00
rx /ry 1.62 1.62 1.61 1.60 1.60 1.60
Pex (KL)2/104, k-in.2 97300 86200 76100 68700 61300 54400
Pey (KL)2/104, k-in.2 36900 32900 29500 26600 24000 21400
ASD LRFD
Ωc = 1.67 φc = 0.90
4–14 DESIGN OF COMPRESSION MEMBERS
AMERICAN INSTITUTE OF STEEL CONSTRUCTION
Effective length, KL (ft), with respect to least radius of gyration, ry
W14
Fy = 50 ksi
Table 4-1 (continued)
Available Strength in
Axial Compression, kips
W-Shapes W14
Fy = 50 ksi
STEEL COMPRESSION—MEMBER SELECTION TABLES 4–15
AMERICAN INSTITUTE OF STEEL CONSTRUCTION
Effective length, KL (ft), with respect to least radius of gyration, ry
Shape W14×
lb/ft 145 132 120 109 99 90
Design
Pn/Ωc φcPn Pn/Ωc φcPn Pn/Ωc φcPn Pn/Ωc φcPn Pn/Ωc φcPn Pn/Ωc φcPn
ASD LRFD ASD LRFD ASD LRFD ASD LRFD ASD LRFD ASD LRFD
0 1280 1920 1160 1750 1060 1590 958 1440 871 1310 793 1190
6 1250 1880 1130 1700 1030 1550 932 1400 848 1270 772 1160
7 1240 1860 1120 1680 1020 1530 923 1390 839 1260 764 1150
8 1230 1840 1110 1660 1010 1510 913 1370 830 1250 755 1140
9 1210 1820 1090 1640 994 1490 901 1350 819 1230 745 1120
10 1200 1800 1080 1620 980 1470 888 1340 807 1210 735 1100
11 1180 1770 1060 1600 965 1450 874 1310 794 1190 723 1090
12 1160 1750 1040 1570 948 1430 859 1290 780 1170 710 1070
13 1140 1720 1020 1540 931 1400 843 1270 766 1150 697 1050
14 1120 1690 1000 1510 912 1370 826 1240 750 1130 682 1030
15 1100 1650 982 1480 892 1340 808 1210 733 1100 667 1000
16 1080 1620 960 1440 872 1310 789 1190 716 1080 652 979
17 1060 1590 937 1410 850 1280 770 1160 698 1050 635 955
18 1030 1550 913 1370 828 1240 750 1130 680 1020 618 929
19 1010 1510 888 1330 805 1210 729 1100 661 994 601 903
20 980 1470 862 1300 782 1180 708 1060 642 964 583 877
22 927 1390 810 1220 734 1100 664 998 602 904 547 822
24 872 1310 756 1140 685 1030 620 931 561 843 509 766
26 816 1230 702 1060 635 955 574 863 519 781 472 709
28 759 1140 648 974 586 880 529 796 478 719 434 653
30 703 1060 594 893 537 807 485 729 438 658 397 597
32 647 973 542 814 489 735 441 663 398 598 361 543
34 593 891 491 738 443 665 399 600 360 541 326 490
36 540 812 442 664 398 598 359 539 323 485 292 439
38 489 735 397 596 357 536 322 484 290 435 262 394
40 441 663 358 538 322 484 290 437 261 393 237 356
Properties
Pwo, kips 192 287 175 263 151 227 128 192 112 167 96.1 144
Pwi, kips/in. 22.7 34.0 21.5 32.3 19.7 29.5 17.5 26.3 16.2 24.3 14.7 22.0
Pwb, kips 476 716 407 611 312 469 220 330 173 260 129 194
Pfb, kips 222 334 199 298 165 249 138 208 114 171 94.3 142
Lp, ft 14.1 13.3 13.2 13.2 13.5 15.1
Lr, ft 61.7 55.8 51.9 48.5 45.3 42.5
Ag, in.2 42.7 38.8 35.3 32.0 29.1 26.5
Ix, in.4 1710 1530 1380 1240 1110 999
Iy, in.4 677 548 495 447 402 362
ry, in. 3.98 3.76 3.74 3.73 3.71 3.70
rx /ry 1.59 1.67 1.67 1.67 1.66 1.66
Pex (KL)2/104, k-in.2 48900 43800 39500 35500 31800 28600
Pey (KL)2/104, k-in.2 19400 15700 14200 12800 11500 10400
ASD LRFD
Ωc = 1.67 φc = 0.90
Table 4-1 (continued)
Available Strength in
Axial Compression, kips
W-Shapes
4–16 DESIGN OF COMPRESSION MEMBERS
AMERICAN INSTITUTE OF STEEL CONSTRUCTION
W14
Fy = 50 ksi
c Shape is slender for compression with Fy = 50 ksi.
Note: Heavy line indicates KL /ry equal to or greater than 200.
Effective length, KL (ft), with respect to least radius of gyration, ry
Shape W14×
lb/ft 82 74 68 61 53 48 43
c
Design
Pn/Ωc φcPn Pn/Ωc φcPn Pn/Ωc φcPn Pn/Ωc φcPn Pn/Ωc φcPn Pn/Ωc φcPn Pn/Ωc φcPn
ASD LRFD ASD LRFD ASD LRFD ASD LRFD ASD LRFD ASD LRFD ASD LRFD
0 719 1080 653 981 599 900 536 805 467 702 422 634 374 562
6 676 1020 614 922 562 845 503 756 421 633 380 572 339 510
7 661 993 600 902 550 826 492 739 406 610 366 551 327 491
8 644 968 585 879 536 805 479 720 389 585 351 527 312 470
9 626 940 568 854 520 782 465 699 371 557 334 502 297 447
10 606 910 550 827 503 756 450 676 351 528 316 475 281 422
11 584 878 531 797 485 729 433 651 331 497 298 447 264 397
12 562 844 510 767 466 701 416 626 310 465 279 419 247 371
13 538 809 489 735 446 671 398 599 288 433 259 390 229 345
14 514 772 467 701 426 640 380 571 267 401 240 360 212 318
15 489 735 444 667 405 608 361 543 246 369 221 331 194 292
16 464 697 421 633 384 577 342 514 225 338 202 303 177 267
17 438 659 398 598 362 544 323 485 205 308 183 276 161 242
18 413 620 375 563 341 512 304 456 185 278 166 249 145 218
19 387 582 352 529 320 480 285 428 166 250 149 224 130 196
20 362 545 329 495 299 449 266 399 150 226 134 202 117 177
22 314 472 285 428 258 388 229 345 124 186 111 167 97.1 146
24 267 402 243 365 219 330 195 293 104 157 93.2 140 81.6 123
26 228 343 207 311 187 281 166 249 88.8 133 79.4 119 69.5 104
28 197 295 179 268 161 242 143 215 76.6 115 68.5 103 59.9 90.1
30 171 257 156 234 140 211 125 187 66.7 100 59.7 89.7 52.2 78.5
32 150 226 137 205 123 185 110 165 58.6 88.1
34 133 200 121 182 109 164 97.0 146
36 119 179 108 162 97.5 147 86.5 130
38 107 160 96.9 146 87.5 131 77.7 117
40 96.3 145 87.5 131 79.0 119 70.1 105
Properties
Pwo, kips 123 185 104 155 90.6 136 77.5 116 77.1 116 67.4 101 56.9 85.4
Pwi, kips/in. 17.0 25.5 15.0 22.5 13.8 20.8 12.5 18.8 12.3 18.5 11.3 17.0 10.2 15.3
Pwb, kips 201 302 138 207 108 163 80.1 120 76.7 115 59.5 89.5 43.0 64.7
Pfb, kips 137 206 115 173 97.0 146 77.8 117 81.5 123 66.2 99.6 52.6 79.0
Lp, ft 8.76 8.76 8.69 8.65 6.78 6.75 6.68
Lr, ft 33.2 31.0 29.3 27.5 22.3 21.1 20.0
Ag, in.2 24.0 21.8 20.0 17.9 15.6 14.1 12.6
Ix, in.4 881 795 722 640 541 484 428
Iy, in.4 148 134 121 107 57.7 51.4 45.2
ry, in. 2.48 2.48 2.46 2.45 1.92 1.91 1.89
rx /ry 2.44 2.44 2.44 2.44 3.07 3.06 3.08
Pex (KL)2/104, k-in.2 25200 22800 20700 18300 15500 13900 12300
Pey (KL)2/104, k-in.2 4240 3840 3460 3060 1650 1470 1290
ASD LRFD
Ωc = 1.67 φc = 0.90
Shape W12×
lb/ft 336h 305h 279h 252h 230h 210
Design
Pn/Ωc φcPn Pn/Ωc φcPn Pn/Ωc φcPn Pn/Ωc φcPn Pn/Ωc φcPn Pn/Ωc φcPn
ASD LRFD ASD LRFD ASD LRFD ASD LRFD ASD LRFD ASD LRFD
0 2960 4450 2680 4030 2450 3690 2220 3330 2030 3050 1850 2780
6 2870 4310 2590 3900 2370 3570 2140 3220 1960 2940 1790 2680
7 2840 4260 2560 3850 2340 3520 2120 3180 1930 2910 1760 2650
8 2800 4210 2530 3800 2310 3470 2090 3140 1910 2860 1740 2610
9 2760 4150 2490 3740 2280 3420 2060 3090 1880 2820 1710 2570
10 2710 4080 2450 3680 2240 3360 2020 3030 1840 2770 1680 2520
11 2660 4000 2400 3610 2190 3300 1980 2970 1800 2710 1640 2470
12 2610 3920 2350 3540 2150 3230 1940 2910 1760 2650 1610 2420
13 2550 3840 2300 3460 2100 3150 1890 2840 1720 2590 1570 2360
14 2490 3750 2250 3380 2050 3080 1840 2770 1680 2520 1530 2300
15 2430 3660 2190 3290 1990 3000 1790 2700 1630 2450 1480 2230
16 2370 3560 2130 3200 1940 2910 1740 2620 1580 2380 1440 2160
17 2300 3460 2070 3100 1880 2820 1690 2540 1540 2310 1390 2100
18 2230 3350 2000 3010 1820 2730 1630 2460 1480 2230 1350 2030
19 2160 3250 1940 2910 1760 2640 1580 2370 1430 2150 1300 1950
20 2090 3140 1870 2810 1700 2550 1520 2290 1380 2070 1250 1880
22 1940 2910 1730 2610 1570 2360 1410 2110 1270 1910 1150 1730
24 1790 2690 1600 2400 1440 2170 1290 1940 1170 1750 1050 1580
26 1640 2460 1460 2190 1320 1980 1170 1760 1060 1590 955 1440
28 1490 2240 1320 1990 1190 1790 1060 1590 954 1430 859 1290
30 1350 2030 1190 1790 1070 1610 949 1430 854 1280 767 1150
32 1210 1820 1070 1600 954 1430 843 1270 756 1140 678 1020
34 1080 1620 945 1420 845 1270 746 1120 670 1010 600 902
36 959 1440 843 1270 754 1130 666 1000 597 898 535 805
38 861 1290 757 1140 676 1020 598 898 536 806 481 722
40 777 1170 683 1030 610 917 539 811 484 727 434 652
Properties
Pwo, kips 1050 1580 897 1340 783 1170 665 998 574 861 492 738
Pwi, kips/in. 59.3 89.0 54.3 81.5 51.0 76.5 46.7 70.0 43.0 64.5 39.3 59.0
Pwb, kips 10000 15100 7690 11600 6380 9590 4870 7320 3810 5730 2930 4400
Pfb, kips 1640 2460 1370 2070 1140 1720 947 1420 802 1210 676 1020
Lp, ft 12.3 12.1 11.9 11.8 11.7 11.6
Lr, ft 150 137 126 114 105 95.8
Ag, in.2 98.9 89.5 81.9 74.1 67.7 61.8
Ix, in.4 4060 3550 3110 2720 2420 2140
Iy, in.4 1190 1050 937 828 742 664
ry, in. 3.47 3.42 3.38 3.34 3.31 3.28
rx /ry 1.85 1.84 1.82 1.81 1.80 1.80
Pex (KL)2/104, k-in.2 116000 102000 89000 77900 69300 61300
Pey (KL)2/104, k-in.2 34100 30100 26800 23700 21200 19000
ASD LRFD
Ωc = 1.67 φc = 0.90
Table 4-1 (continued)
Available Strength in
Axial Compression, kips
W-Shapes
STEEL COMPRESSION—MEMBER SELECTION TABLES 4–17
AMERICAN INSTITUTE OF STEEL CONSTRUCTION
Effective length, KL (ft), with respect to least radius of gyration, ry
W12
Fy = 50 ksi
h Flange thickness is greater than 2 in. Special requirements may apply per AISC
Specification Section A3.1c.
Table 4-1 (continued)
Available Strength in
Axial Compression, kips
W-Shapes
4–18 DESIGN OF COMPRESSION MEMBERS
AMERICAN INSTITUTE OF STEEL CONSTRUCTION
W12
Fy = 50 ksi
Effective length, KL (ft), with respect to least radius of gyration, ry
Shape W12×
lb/ft 190 170 152 136 120 106
Design
Pn/Ωc φcPn Pn/Ωc φcPn Pn/Ωc φcPn Pn/Ωc φcPn Pn/Ωc φcPn Pn/Ωc φcPn
ASD LRFD ASD LRFD ASD LRFD ASD LRFD ASD LRFD ASD LRFD
0 1680 2520 1500 2250 1340 2010 1190 1800 1050 1580 934 1400
6 1620 2430 1440 2170 1290 1940 1150 1730 1010 1520 898 1350
7 1600 2400 1420 2140 1270 1910 1130 1710 1000 1500 886 1330
8 1570 2360 1400 2110 1250 1880 1120 1680 984 1480 871 1310
9 1550 2320 1380 2070 1230 1850 1100 1650 966 1450 855 1290
10 1520 2280 1350 2030 1210 1810 1080 1620 947 1420 838 1260
11 1490 2230 1320 1990 1180 1770 1050 1580 925 1390 819 1230
12 1450 2180 1290 1940 1150 1730 1030 1540 903 1360 799 1200
13 1420 2130 1260 1900 1120 1690 1000 1500 879 1320 777 1170
14 1380 2070 1230 1840 1090 1640 972 1460 854 1280 755 1130
15 1340 2010 1190 1790 1060 1590 942 1420 828 1240 731 1100
16 1300 1950 1150 1730 1030 1540 912 1370 800 1200 707 1060
17 1260 1890 1120 1680 992 1490 881 1320 773 1160 682 1030
18 1210 1820 1080 1620 957 1440 849 1280 744 1120 656 987
19 1170 1760 1040 1560 921 1380 816 1230 715 1070 631 948
20 1130 1690 997 1500 885 1330 784 1180 686 1030 604 908
22 1030 1560 916 1380 811 1220 717 1080 626 942 552 829
24 944 1420 834 1250 737 1110 651 978 567 853 499 750
26 855 1280 754 1130 665 999 586 880 510 766 448 673
28 767 1150 675 1010 595 894 523 786 454 682 398 598
30 684 1030 600 902 527 793 462 695 400 601 350 526
32 603 906 528 794 464 697 406 610 352 528 308 462
34 534 803 468 704 411 617 360 541 311 468 272 410
36 476 716 418 628 366 551 321 482 278 417 243 365
38 428 643 375 563 329 494 288 433 249 375 218 328
40 386 580 338 508 297 446 260 391 225 338 197 296
Properties
Pwo, kips 412 617 346 518 290 435 244 365 201 302 162 242
Pwi, kips/in. 35.3 53.0 32.0 48.0 29.0 43.5 26.3 39.5 23.7 35.5 20.3 30.5
Pwb, kips 2120 3190 1580 2370 1170 1760 878 1320 637 957 405 609
Pfb, kips 567 852 455 684 367 551 292 439 231 347 183 276
Lp, ft 11.5 11.4 11.3 11.2 11.1 11.0
Lr, ft 87.3 78.5 70.6 63.2 56.5 50.7
Ag, in.2 56.0 50.0 44.7 39.9 35.2 31.2
Ix, in.4 1890 1650 1430 1240 1070 933
Iy, in.4 589 517 454 398 345 301
ry, in. 3.25 3.22 3.19 3.16 3.13 3.11
rx /ry 1.79 1.78 1.77 1.77 1.76 1.76
Pex (KL)2/104, k-in.2 54100 47200 40900 35500 30600 26700
Pey (KL)2/104, k-in.2 16900 14800 13000 11400 9870 8620
ASD LRFD
Ωc = 1.67 φc = 0.90
STEEL COMPRESSION—MEMBER SELECTION TABLES 4–19
AMERICAN INSTITUTE OF STEEL CONSTRUCTION
Table 4-1 (continued)
Available Strength in
Axial Compression, kips
W-Shapes
Effective length, KL (ft), with respect to least radius of gyration, ry
W12
Fy = 50 ksi
Shape W12×
lb/ft 96 87 79 72 65
Design
Pn/Ωc φcPn Pn/Ωc φcPn Pn/Ωc φcPn Pn/Ωc φcPn Pn/Ωc φcPn
ASD LRFD ASD LRFD ASD LRFD ASD LRFD ASD LRFD
0 844 1270 766 1150 695 1040 632 949 572 859
6 811 1220 736 1110 667 1000 606 911 549 825
7 800 1200 726 1090 657 988 597 898 540 812
8 787 1180 714 1070 646 971 587 883 531 798
9 772 1160 700 1050 634 953 576 866 521 783
10 756 1140 685 1030 620 932 564 847 510 766
11 739 1110 670 1010 606 910 550 827 497 747
12 720 1080 653 981 590 887 536 806 484 728
13 701 1050 635 954 574 862 521 783 470 707
14 680 1020 616 925 556 836 505 759 456 685
15 659 990 596 896 538 809 489 735 441 663
16 637 957 576 865 520 781 472 709 426 640
17 614 923 555 834 501 753 455 683 410 616
18 591 888 534 802 481 723 437 656 393 591
19 567 852 512 770 462 694 419 629 377 567
20 543 816 490 737 442 664 401 602 360 542
22 495 744 446 671 402 604 364 547 327 492
24 447 672 403 605 362 544 328 493 294 442
26 401 602 360 541 323 486 292 440 262 394
28 356 535 319 480 286 430 259 389 231 348
30 312 469 280 421 250 376 226 340 202 304
32 274 413 246 370 220 331 199 299 178 267
34 243 365 218 327 195 293 176 265 157 236
36 217 326 194 292 174 261 157 236 140 211
38 195 293 174 262 156 234 141 212 126 189
40 176 264 157 237 141 212 127 191 114 171
Properties
Pwo, kips 138 206 121 182 104 156 91.0 137 78.0 117
Pwi, kips/in. 18.3 27.5 17.2 25.8 15.7 23.5 14.3 21.5 13.0 19.5
Pwb, kips 296 445 243 365 185 278 142 213 106 159
Pfb, kips 152 228 123 185 101 152 84.0 126 68.5 103
Lp, ft 10.9 10.8 10.8 10.7 11.9
Lr, ft 46.7 43.1 39.9 37.5 35.1
Ag, in.2 28.2 25.6 23.2 21.1 19.1
Ix, in.4 833 740 662 597 533
Iy, in.4 270 241 216 195 174
ry, in. 3.09 3.07 3.05 3.04 3.02
rx /ry 1.76 1.75 1.75 1.75 1.75
Pex (KL)2/104, k-in.2 23800 21200 18900 17100 15300
Pey (KL)2/104, k-in.2 7730 6900 6180 5580 4980
ASD LRFD
Ωc = 1.67 φc = 0.90
Table 4-1 (continued)
Available Strength in
Axial Compression, kips
W-Shapes
4–20 DESIGN OF COMPRESSION MEMBERS
AMERICAN INSTITUTE OF STEEL CONSTRUCTION
Effective length, KL (ft), with respect to least radius of gyration, ry
W12
Fy = 50 ksi
Note: Heavy line indicates KL /ry equal to or greater than 200.
Shape W12×
lb/ft 58 53 50 45 40
Design
Pn/Ωc φcPn Pn/Ωc φcPn Pn/Ωc φcPn Pn/Ωc φcPn Pn/Ωc φcPn
ASD LRFD ASD LRFD ASD LRFD ASD LRFD ASD LRFD
0 509 765 467 702 437 657 392 589 350 526
6 479 720 439 660 396 595 355 534 317 476
7 469 705 429 646 382 574 342 515 305 459
8 457 687 419 629 367 551 329 494 293 440
9 445 668 407 611 350 526 313 471 279 420
10 431 647 394 592 332 500 297 447 265 398
11 416 625 380 571 314 472 281 422 250 375
12 400 601 365 549 295 443 263 396 234 352
13 384 577 350 526 275 413 246 369 218 328
14 367 551 334 502 255 384 228 343 202 304
15 349 525 318 478 236 355 210 316 187 281
16 332 499 301 453 217 326 193 290 171 257
17 314 472 285 428 198 298 176 265 156 235
18 296 445 268 403 180 270 160 240 142 213
19 278 418 252 378 162 244 144 216 127 191
20 261 392 235 354 146 220 130 195 115 173
22 227 341 204 307 121 182 107 161 95.0 143
24 194 292 174 261 102 153 90.3 136 79.8 120
26 165 249 148 223 86.6 130 76.9 116 68.0 102
28 143 214 128 192 74.7 112 66.3 99.7 58.6 88.1
30 124 187 111 167 65.0 97.8 57.8 86.8 51.1 76.8
32 109 164 97.8 147 57.2 85.9 50.8 76.3 44.9 67.5
34 96.7 145 86.6 130
36 86.3 130 77.3 116
38 77.4 116 69.4 104
40 69.9 105 62.6 94.1
Properties
Pwo, kips 74.4 112 67.9 102 70.3 105 60.3 90.5 50.2 75.2
Pwi, kips/in. 12.0 18.0 11.5 17.3 12.3 18.5 11.2 16.8 9.83 14.8
Pwb, kips 83.1 125 73.3 110 88.4 133 65.6 98.6 44.8 67.4
Pfb, kips 76.6 115 61.9 93.0 76.6 115 61.9 93.0 49.6 74.6
Lp, ft 8.87 8.76 6.92 6.89 6.85
Lr, ft 29.8 28.2 23.8 22.4 21.1
Ag, in.2 17.0 15.6 14.6 13.1 11.7
Ix, in.4 475 425 391 348 307
Iy, in.4 107 95.8 56.3 50.0 44.1
ry, in. 2.51 2.48 1.96 1.95 1.94
rx /ry 2.10 2.11 2.64 2.64 2.64
Pex (KL)2/104, k-in.2 13600 12200 11200 9960 8790
Pey (KL)2/104, k-in.2 3060 2740 1610 1430 1260
ASD LRFD
Ωc = 1.67 φc = 0.90
Table 4-1 (continued)
Available Strength in
Axial Compression, kips
W-Shapes
STEEL COMPRESSION—MEMBER SELECTION TABLES 4–21
AMERICAN INSTITUTE OF STEEL CONSTRUCTION
W10
Fy = 50 ksi
Effective length, KL (ft), with respect to least radius of gyration, ry
Shape W10×
lb/ft 112 100 88 77 68 60
Design
Pn/Ωc φcPn Pn/Ωc φcPn Pn/Ωc φcPn Pn/Ωc φcPn Pn/Ωc φcPn Pn/Ωc φcPn
ASD LRFD ASD LRFD ASD LRFD ASD LRFD ASD LRFD ASD LRFD
0 985 1480 877 1320 778 1170 680 1020 596 895 530 796
6 934 1400 831 1250 737 1110 643 966 563 846 500 752
7 917 1380 815 1230 722 1090 630 946 552 829 490 737
8 897 1350 797 1200 706 1060 615 925 539 810 479 719
9 875 1310 777 1170 688 1030 599 900 525 789 466 700
10 851 1280 755 1130 669 1000 582 874 509 765 452 679
11 825 1240 732 1100 647 973 563 846 493 741 437 657
12 798 1200 707 1060 625 940 543 816 475 714 421 633
13 769 1160 681 1020 602 905 522 785 457 687 405 608
14 739 1110 654 983 578 868 501 753 438 658 388 583
15 708 1060 626 941 553 831 479 720 419 629 370 556
16 677 1020 598 898 527 792 456 686 399 599 352 530
17 645 969 569 855 501 754 433 651 379 569 334 502
18 613 921 540 811 475 714 410 617 358 539 316 475
19 580 872 511 767 449 675 387 582 338 508 298 448
20 548 824 482 724 423 636 365 548 318 478 280 421
22 485 728 425 638 373 560 320 481 279 419 245 368
24 423 636 370 556 324 487 277 417 241 363 212 318
26 365 548 318 478 278 417 237 356 206 310 181 271
28 315 473 274 412 239 360 204 307 178 267 156 234
30 274 412 239 359 209 313 178 267 155 233 136 204
32 241 362 210 315 183 276 156 235 136 205 119 179
34 213 321 186 279 162 244 139 208 121 181 106 159
36 190 286 166 249 145 218 124 186 108 162 94.2 142
38 171 257 149 224 130 195 111 167 96.5 145 84.5 127
40 154 232 134 202 117 176 100 150 87.1 131 76.3 115
Properties
Pwo, kips 220 330 184 275 150 225 121 182 99.5 149 82.6 124
Pwi, kips/in. 25.2 37.8 22.7 34.0 20.2 30.3 17.7 26.5 15.7 23.5 14.0 21.0
Pwb, kips 949 1430 690 1040 487 732 328 494 229 344 163 245
Pfb, kips 292 439 235 353 183 276 142 213 111 167 86.5 130
Lp, ft 9.47 9.36 9.29 9.18 9.15 9.08
Lr, ft 64.1 57.9 51.2 45.3 40.6 36.6
Ag, in.2 32.9 29.3 26.0 22.7 19.9 17.7
Ix, in.4 716 623 534 455 394 341
Iy, in.4 236 207 179 154 134 116
ry, in. 2.68 2.65 2.63 2.60 2.59 2.57
rx /ry 1.74 1.74 1.73 1.73 1.71 1.71
Pex (KL)2/104, k-in.2 20500 17800 15300 13000 11300 9760
Pey (KL)2/104, k-in.2 6750 5920 5120 4410 3840 3320
ASD LRFD
Ωc = 1.67 φc = 0.90
Table 4-1 (continued)
Available Strength in
Axial Compression, kips
W-Shapes
4–22 DESIGN OF COMPRESSION MEMBERS
AMERICAN INSTITUTE OF STEEL CONSTRUCTION
Effective length, KL (ft), with respect to least radius of gyration, ry
W10
Fy = 50 ksi
Note: Heavy line indicates KL /ry equal to or greater than 200.
Shape W10×
lb/ft 54 49 45 39 33
Design
Pn/Ωc φcPn Pn/Ωc φcPn Pn/Ωc φcPn Pn/Ωc φcPn Pn/Ωc φcPn
ASD LRFD ASD LRFD ASD LRFD ASD LRFD ASD LRFD
0 473 711 431 648 398 598 344 517 291 437
6 446 671 407 611 363 545 313 470 263 395
7 437 657 398 598 350 527 302 454 253 381
8 427 642 388 584 337 507 290 436 243 365
9 415 624 378 568 322 485 277 416 232 348
10 403 605 366 550 307 461 263 396 220 330
11 389 585 354 532 291 437 249 374 207 311
12 375 564 341 512 274 411 234 352 194 292
13 361 542 327 492 256 385 219 329 181 272
14 345 519 313 471 239 359 203 306 168 253
15 330 495 299 449 222 333 188 283 155 233
16 314 471 284 427 204 307 173 260 142 214
17 297 447 269 404 188 282 158 238 130 195
18 281 422 254 382 171 257 144 217 117 177
19 265 398 239 360 155 234 130 196 106 159
20 249 374 224 337 140 211 118 177 95.4 143
22 217 327 196 294 116 174 97.2 146 78.8 118
24 188 282 168 253 97.4 146 81.7 123 66.2 99.5
26 160 240 143 216 83.0 125 69.6 105 56.4 84.8
28 138 207 124 186 71.5 108 60.0 90.2 48.7 73.1
30 120 180 108 162 62.3 93.7 52.3 78.6 42.4 63.7
32 106 159 94.7 142 54.8 82.3 46.0 69.1 37.3 56.0
34 93.5 141 83.9 126
36 83.4 125 74.8 112
38 74.8 112 67.2 101
40 67.6 102 60.6 91.1
Properties
Pwo, kips 69.1 104 60.1 90.1 65.3 98.0 54.1 81.1 45.2 67.8
Pwi, kips/in. 12.3 18.5 11.3 17.0 11.7 17.5 10.5 15.8 9.67 14.5
Pwb, kips 112 168 86.6 130 94.2 142 68.7 103 53.7 80.7
Pfb, kips 70.8 106 58.7 88.2 71.9 108 52.6 79.0 35.4 53.2
Lp, ft 9.04 8.97 7.10 6.99 6.85
Lr, ft 33.6 31.6 26.9 24.2 21.8
Ag, in.2 15.8 14.4 13.3 11.5 9.71
Ix, in.4 303 272 248 209 171
Iy, in.4 103 93.4 53.4 45.0 36.6
ry, in. 2.56 2.54 2.01 1.98 1.94
rx /ry 1.71 1.71 2.15 2.16 2.16
Pex (KL)2/104, k-in.2 8670 7790 7100 5980 4890
Pey (KL)2/104, k-in.2 2950 2670 1530 1290 1050
ASD LRFD
Ωc = 1.67 φc = 0.90
Table 4-1 (continued)
Available Strength in
Axial Compression, kips
W-Shapes
STEEL COMPRESSION—MEMBER SELECTION TABLES 4–23
AMERICAN INSTITUTE OF STEEL CONSTRUCTION
Effective length, KL (ft), with respect to least radius of gyration, ry
W8
Fy = 50 ksi
Note: Heavy line indicates KL /ry equal to or greater than 200.
Shape W8×
lb/ft 67 58 48 40 35 31
Design
Pn/Ωc φcPn Pn/Ωc φcPn Pn/Ωc φcPn Pn/Ωc φcPn Pn/Ωc φcPn Pn/Ωc φcPn
ASD LRFD ASD LRFD ASD LRFD ASD LRFD ASD LRFD ASD LRFD
0 590 886 512 769 422 634 350 526 308 463 273 411
6 542 815 470 706 387 581 320 481 281 423 249 374
7 526 790 455 685 375 563 309 465 272 409 241 362
8 508 763 439 660 361 543 298 448 262 394 232 348
9 488 733 422 634 347 521 285 429 251 377 222 333
10 467 701 403 606 331 497 272 409 239 359 211 317
11 444 668 384 576 314 473 258 388 226 340 200 301
12 421 633 363 546 297 447 243 366 213 321 189 283
13 397 597 342 514 280 421 228 343 200 301 177 266
14 373 560 321 482 262 394 213 321 187 281 165 248
15 348 523 299 450 244 367 198 298 174 261 153 230
16 324 487 278 418 226 340 183 275 160 241 141 212
17 300 450 257 386 209 314 169 253 147 221 130 195
18 276 415 236 355 192 288 154 232 135 203 118 178
19 253 381 216 325 175 264 141 211 123 184 108 162
20 231 347 197 296 159 239 127 191 111 166 97.2 146
22 191 287 163 244 132 198 105 158 91.5 138 80.3 121
24 160 241 137 205 111 166 88.2 133 76.9 116 67.5 101
26 137 205 116 175 94.2 142 75.2 113 65.5 98.5 57.5 86.5
28 118 177 100 151 81.2 122 64.8 97.4 56.5 84.9 49.6 74.5
30 103 154 87.5 131 70.7 106 56.5 84.9 49.2 74.0 43.2 64.9
32 90.3 136 76.9 116 62.2 93.5 49.6 74.6 43.3 65.0 38.0 57.1
34 79.9 120 68.1 102 55.1 82.8 44.0 66.1
Properties
Pwo, kips 126 190 102 153 72.0 108 57.2 85.9 45.9 68.9 39.4 59.1
Pwi, kips/in. 19.0 28.5 17.0 25.5 13.3 20.0 12.0 18.0 10.3 15.5 9.50 14.3
Pwb, kips 507 761 363 546 174 262 127 192 81.1 122 63.0 94.7
Pfb, kips 164 246 123 185 87.8 132 58.7 88.2 45.9 68.9 35.4 53.2
Lp, ft 7.49 7.42 7.35 7.21 7.17 7.18
Lr, ft 47.6 41.6 35.2 29.9 27.0 24.8
Ag, in.2 19.7 17.1 14.1 11.7 10.3 9.13
Ix, in.4 272 228 184 146 127 110
Iy, in.4 88.6 75.1 60.9 49.1 42.6 37.1
ry, in. 2.12 2.10 2.08 2.04 2.03 2.02
rx /ry 1.75 1.74 1.74 1.73 1.73 1.72
Pex (KL)2/104, k-in.2 7790 6530 5270 4180 3630 3150
Pey (KL)2/104, k-in.2 2540 2150 1740 1410 1220 1060
ASD LRFD
Ωc = 1.67 φc = 0.90
